time,particle_id,x,y,mesh_index,mesh_index_original
79000,6900,0.0495191,0,9,9
79000,6901,0.0495191,0,9,9
79000,6902,0.0495191,0,9,9
79000,6903,0.0495191,0,9,9
79000,6904,0.0495191,0,9,9
79000,6905,0.0495191,0,9,9
79000,6906,0.0495191,0,9,9
79000,6907,0.0495191,0,9,9
79000,6908,0.0495191,0,9,9
79000,6909,0.0495191,0,9,9
79000,6910,0.048513,0,9,9
79000,6911,0.048513,0,9,9
79000,6912,0.048513,0,9,9
79000,6913,0.048513,0,9,9
79000,6914,0.048513,0,9,9
79000,6915,0.048513,0,9,9
79000,6916,0.048513,0,9,9
79000,6917,0.048513,0,9,9
79000,6918,0.048513,0,9,9
79000,6919,0.048513,0,9,9
79000,6920,0.0475069,0,9,9
79000,6921,0.0475069,0,9,9
79000,6922,0.0475069,0,9,9
79000,6923,0.0475069,0,9,9
79000,6924,0.0475069,0,9,9
79000,6925,0.0475069,0,9,9
79000,6926,0.0475069,0,9,9
79000,6927,0.0475069,0,9,9
79000,6928,0.0475069,0,9,9
79000,6929,0.0475069,0,9,9
79000,6930,0.0465008,0,9,9
79000,6931,0.0465008,0,9,9
79000,6932,0.0465008,0,9,9
79000,6933,0.0465008,0,9,9
79000,6934,0.0465008,0,9,9
79000,6935,0.0465008,0,9,9
79000,6936,0.0465008,0,9,9
79000,6937,0.0465008,0,9,9
79000,6938,0.0465008,0,9,9
79000,6939,0.0465008,0,9,9
79000,6940,0.0454947,0,9,9
79000,6941,0.0454947,0,9,9
79000,6942,0.0454947,0,9,9
79000,6943,0.0454947,0,9,9
79000,6944,0.0454947,0,9,9
79000,6945,0.0454947,0,9,9
79000,6946,0.0454947,0,9,9
79000,6947,0.0454947,0,9,9
79000,6948,0.0454947,0,9,9
79000,6949,0.0454947,0,9,9
79000,6950,0.0444885,0,9,9
79000,6951,0.0444885,0,9,9
79000,6952,0.0444885,0,9,9
79000,6953,0.0444885,0,9,9
79000,6954,0.0444885,0,9,9
79000,6955,0.0444885,0,9,9
79000,6956,0.0444885,0,9,9
79000,6957,0.0444885,0,9,9
79000,6958,0.0444885,0,9,9
79000,6959,0.0444885,0,9,9
79000,6960,0.0434824,0,9,9
79000,6961,0.0434824,0,9,9
79000,6962,0.0434824,0,9,9
79000,6963,0.0434824,0,9,9
79000,6964,0.0434824,0,9,9
79000,6965,0.0434824,0,9,9
79000,6966,0.0434824,0,9,9
79000,6967,0.0434824,0,9,9
79000,6968,0.0434824,0,9,9
79000,6969,0.0434824,0,9,9
79000,6970,0.0424762,0,9,9
79000,6971,0.0424762,0,9,9
79000,6972,0.0424762,0,9,9
79000,6973,0.0424762,0,9,9
79000,6974,0.0424762,0,9,9
79000,6975,0.0424762,0,9,9
79000,6976,0.0424762,0,9,9
79000,6977,0.0424762,0,9,9
79000,6978,0.0424762,0,9,9
79000,6979,0.0424762,0,9,9
79000,6980,0.04147,0,9,9
79000,6981,0.04147,0,9,9
79000,6982,0.04147,0,9,9
79000,6983,0.04147,0,9,9
79000,6984,0.04147,0,9,9
79000,6985,0.04147,0,9,9
79000,6986,0.04147,0,9,9
79000,6987,0.04147,0,9,9
79000,6988,0.04147,0,9,9
79000,6989,0.04147,0,9,9
79000,6990,0.0404639,0,9,9
79000,6991,0.0404639,0,9,9
79000,6992,0.0404639,0,9,9
79000,6993,0.0404639,0,9,9
79000,6994,0.0404639,0,9,9
79000,6995,0.0404639,0,9,9
79000,6996,0.0404639,0,9,9
79000,6997,0.0404639,0,9,9
79000,6998,0.0404639,0,9,9
79000,6999,0.0404639,0,9,9
79000,7000,0.0394578,0,8,8
79000,7001,0.0394578,0,8,8
79000,7002,0.0394578,0,8,8
79000,7003,0.0394578,0,8,8
79000,7004,0.0394578,0,8,8
79000,7005,0.0394578,0,8,8
79000,7006,0.0394578,0,8,8
79000,7007,0.0394578,0,8,8
79000,7008,0.0394578,0,8,8
79000,7009,0.0394578,0,8,8
79000,7010,0.0384518,0,8,8
79000,7011,0.0384518,0,8,8
79000,7012,0.0384518,0,8,8
79000,7013,0.0384518,0,8,8
79000,7014,0.0384518,0,8,8
79000,7015,0.0384518,0,8,8
79000,7016,0.0384518,0,8,8
79000,7017,0.0384518,0,8,8
79000,7018,0.0384518,0,8,8
79000,7019,0.0384518,0,8,8
79000,7020,0.0374458,0,8,8
79000,7021,0.0374458,0,8,8
79000,7022,0.0374458,0,8,8
79000,7023,0.0374458,0,8,8
79000,7024,0.0374458,0,8,8
79000,7025,0.0374458,0,8,8
79000,7026,0.0374458,0,8,8
79000,7027,0.0374458,0,8,8
79000,7028,0.0374458,0,8,8
79000,7029,0.0374458,0,8,8
79000,7030,0.0364398,0,8,8
79000,7031,0.0364398,0,8,8
79000,7032,0.0364398,0,8,8
79000,7033,0.0364398,0,8,8
79000,7034,0.0364398,0,8,8
79000,7035,0.0364398,0,8,8
79000,7036,0.0364398,0,8,8
79000,7037,0.0364398,0,8,8
79000,7038,0.0364398,0,8,8
79000,7039,0.0364398,0,8,8
79000,7040,0.0354337,0,8,8
79000,7041,0.0354337,0,8,8
79000,7042,0.0354337,0,8,8
79000,7043,0.0354337,0,8,8
79000,7044,0.0354337,0,8,8
79000,7045,0.0354337,0,8,8
79000,7046,0.0354337,0,8,8
79000,7047,0.0354337,0,8,8
79000,7048,0.0354337,0,8,8
79000,7049,0.0354337,0,8,8
79000,7050,0.0344277,0,8,8
79000,7051,0.0344277,0,8,8
79000,7052,0.0344277,0,8,8
79000,7053,0.0344277,0,8,8
79000,7054,0.0344277,0,8,8
79000,7055,0.0344277,0,8,8
79000,7056,0.0344277,0,8,8
79000,7057,0.0344277,0,8,8
79000,7058,0.0344277,0,8,8
79000,7059,0.0344277,0,8,8
79000,7060,0.0334217,0,8,8
79000,7061,0.0334217,0,8,8
79000,7062,0.0334217,0,8,8
79000,7063,0.0334217,0,8,8
79000,7064,0.0334217,0,8,8
79000,7065,0.0334217,0,8,8
79000,7066,0.0334217,0,8,8
79000,7067,0.0334217,0,8,8
79000,7068,0.0334217,0,8,8
79000,7069,0.0334217,0,8,8
79000,7070,0.0324156,0,8,8
79000,7071,0.0324156,0,8,8
79000,7072,0.0324156,0,8,8
79000,7073,0.0324156,0,8,8
79000,7074,0.0324156,0,8,8
79000,7075,0.0324156,0,8,8
79000,7076,0.0324156,0,8,8
79000,7077,0.0324156,0,8,8
79000,7078,0.0324156,0,8,8
79000,7079,0.0324156,0,8,8
79000,7080,0.0314095,0,8,8
79000,7081,0.0314095,0,8,8
79000,7082,0.0314095,0,8,8
79000,7083,0.0314095,0,8,8
79000,7084,0.0314095,0,8,8
79000,7085,0.0314095,0,8,8
79000,7086,0.0314095,0,8,8
79000,7087,0.0314095,0,8,8
79000,7088,0.0314095,0,8,8
79000,7089,0.0314095,0,8,8
79000,7090,0.0304035,0,8,8
79000,7091,0.0304035,0,8,8
79000,7092,0.0304035,0,8,8
79000,7093,0.0304035,0,8,8
79000,7094,0.0304035,0,8,8
79000,7095,0.0304035,0,8,8
79000,7096,0.0304035,0,8,8
79000,7097,0.0304035,0,8,8
79000,7098,0.0304035,0,8,8
79000,7099,0.0304035,0,8,8
79000,7100,0.0293975,0,7,7
79000,7101,0.0293975,0,7,7
79000,7102,0.0293975,0,7,7
79000,7103,0.0293975,0,7,7
79000,7104,0.0293975,0,7,7
79000,7105,0.0293975,0,7,7
79000,7106,0.0293975,0,7,7
79000,7107,0.0293975,0,7,7
79000,7108,0.0293975,0,7,7
79000,7109,0.0293975,0,7,7
79000,7110,0.0283917,0,7,7
79000,7111,0.0283917,0,7,7
79000,7112,0.0283917,0,7,7
79000,7113,0.0283917,0,7,7
79000,7114,0.0283917,0,7,7
79000,7115,0.0283917,0,7,7
79000,7116,0.0283917,0,7,7
79000,7117,0.0283917,0,7,7
79000,7118,0.0283917,0,7,7
79000,7119,0.0283917,0,7,7
79000,7120,0.0273858,0,7,7
79000,7121,0.0273858,0,7,7
79000,7122,0.0273858,0,7,7
79000,7123,0.0273858,0,7,7
79000,7124,0.0273858,0,7,7
79000,7125,0.0273858,0,7,7
79000,7126,0.0273858,0,7,7
79000,7127,0.0273858,0,7,7
79000,7128,0.0273858,0,7,7
79000,7129,0.0273858,0,7,7
79000,7130,0.0263799,0,7,7
79000,7131,0.0263799,0,7,7
79000,7132,0.0263799,0,7,7
79000,7133,0.0263799,0,7,7
79000,7134,0.0263799,0,7,7
79000,7135,0.0263799,0,7,7
79000,7136,0.0263799,0,7,7
79000,7137,0.0263799,0,7,7
79000,7138,0.0263799,0,7,7
79000,7139,0.0263799,0,7,7
79000,7140,0.025374,0,7,7
79000,7141,0.025374,0,7,7
79000,7142,0.025374,0,7,7
79000,7143,0.025374,0,7,7
79000,7144,0.025374,0,7,7
79000,7145,0.025374,0,7,7
79000,7146,0.025374,0,7,7
79000,7147,0.025374,0,7,7
79000,7148,0.025374,0,7,7
79000,7149,0.025374,0,7,7
79000,7150,0.0243681,0,7,7
79000,7151,0.0243681,0,7,7
79000,7152,0.0243681,0,7,7
79000,7153,0.0243681,0,7,7
79000,7154,0.0243681,0,7,7
79000,7155,0.0243681,0,7,7
79000,7156,0.0243681,0,7,7
79000,7157,0.0243681,0,7,7
79000,7158,0.0243681,0,7,7
79000,7159,0.0243681,0,7,7
79000,7160,0.0233622,0,7,7
79000,7161,0.0233622,0,7,7
79000,7162,0.0233622,0,7,7
79000,7163,0.0233622,0,7,7
79000,7164,0.0233622,0,7,7
79000,7165,0.0233622,0,7,7
79000,7166,0.0233622,0,7,7
79000,7167,0.0233622,0,7,7
79000,7168,0.0233622,0,7,7
79000,7169,0.0233622,0,7,7
79000,7170,0.0223563,0,7,7
79000,7171,0.0223563,0,7,7
79000,7172,0.0223563,0,7,7
79000,7173,0.0223563,0,7,7
79000,7174,0.0223563,0,7,7
79000,7175,0.0223563,0,7,7
79000,7176,0.0223563,0,7,7
79000,7177,0.0223563,0,7,7
79000,7178,0.0223563,0,7,7
79000,7179,0.0223563,0,7,7
79000,7180,0.0213504,0,7,7
79000,7181,0.0213504,0,7,7
79000,7182,0.0213504,0,7,7
79000,7183,0.0213504,0,7,7
79000,7184,0.0213504,0,7,7
79000,7185,0.0213504,0,7,7
79000,7186,0.0213504,0,7,7
79000,7187,0.0213504,0,7,7
79000,7188,0.0213504,0,7,7
79000,7189,0.0213504,0,7,7
79000,7190,0.0203444,0,7,7
79000,7191,0.0203444,0,7,7
79000,7192,0.0203444,0,7,7
79000,7193,0.0203444,0,7,7
79000,7194,0.0203444,0,7,7
79000,7195,0.0203444,0,7,7
79000,7196,0.0203444,0,7,7
79000,7197,0.0203444,0,7,7
79000,7198,0.0203444,0,7,7
79000,7199,0.0203444,0,7,7
79000,7200,0.0193387,0,6,6
79000,7201,0.0193387,0,6,6
79000,7202,0.0193387,0,6,6
79000,7203,0.0193387,0,6,6
79000,7204,0.0193387,0,6,6
79000,7205,0.0193387,0,6,6
79000,7206,0.0193387,0,6,6
79000,7207,0.0193387,0,6,6
79000,7208,0.0193387,0,6,6
79000,7209,0.0193387,0,6,6
79000,7210,0.018333,0,6,6
79000,7211,0.018333,0,6,6
79000,7212,0.018333,0,6,6
79000,7213,0.018333,0,6,6
79000,7214,0.018333,0,6,6
79000,7215,0.018333,0,6,6
79000,7216,0.018333,0,6,6
79000,7217,0.018333,0,6,6
79000,7218,0.018333,0,6,6
79000,7219,0.018333,0,6,6
79000,7220,0.0173272,0,6,6
79000,7221,0.0173272,0,6,6
79000,7222,0.0173272,0,6,6
79000,7223,0.0173272,0,6,6
79000,7224,0.0173272,0,6,6
79000,7225,0.0173272,0,6,6
79000,7226,0.0173272,0,6,6
79000,7227,0.0173272,0,6,6
79000,7228,0.0173272,0,6,6
79000,7229,0.0173272,0,6,6
79000,7230,0.0163215,0,6,6
79000,7231,0.0163215,0,6,6
79000,7232,0.0163215,0,6,6
79000,7233,0.0163215,0,6,6
79000,7234,0.0163215,0,6,6
79000,7235,0.0163215,0,6,6
79000,7236,0.0163215,0,6,6
79000,7237,0.0163215,0,6,6
79000,7238,0.0163215,0,6,6
79000,7239,0.0163215,0,6,6
79000,7240,0.0153158,0,6,6
79000,7241,0.0153158,0,6,6
79000,7242,0.0153158,0,6,6
79000,7243,0.0153158,0,6,6
79000,7244,0.0153158,0,6,6
79000,7245,0.0153158,0,6,6
79000,7246,0.0153158,0,6,6
79000,7247,0.0153158,0,6,6
79000,7248,0.0153158,0,6,6
79000,7249,0.0153158,0,6,6
79000,7250,0.0143101,0,6,6
79000,7251,0.0143101,0,6,6
79000,7252,0.0143101,0,6,6
79000,7253,0.0143101,0,6,6
79000,7254,0.0143101,0,6,6
79000,7255,0.0143101,0,6,6
79000,7256,0.0143101,0,6,6
79000,7257,0.0143101,0,6,6
79000,7258,0.0143101,0,6,6
79000,7259,0.0143101,0,6,6
79000,7260,0.0133043,0,6,6
79000,7261,0.0133043,0,6,6
79000,7262,0.0133043,0,6,6
79000,7263,0.0133043,0,6,6
79000,7264,0.0133043,0,6,6
79000,7265,0.0133043,0,6,6
79000,7266,0.0133043,0,6,6
79000,7267,0.0133043,0,6,6
79000,7268,0.0133043,0,6,6
79000,7269,0.0133043,0,6,6
79000,7270,0.0122986,0,6,6
79000,7271,0.0122986,0,6,6
79000,7272,0.0122986,0,6,6
79000,7273,0.0122986,0,6,6
79000,7274,0.0122986,0,6,6
79000,7275,0.0122986,0,6,6
79000,7276,0.0122986,0,6,6
79000,7277,0.0122986,0,6,6
79000,7278,0.0122986,0,6,6
79000,7279,0.0122986,0,6,6
79000,7280,0.0112928,0,6,6
79000,7281,0.0112928,0,6,6
79000,7282,0.0112928,0,6,6
79000,7283,0.0112928,0,6,6
79000,7284,0.0112928,0,6,6
79000,7285,0.0112928,0,6,6
79000,7286,0.0112928,0,6,6
79000,7287,0.0112928,0,6,6
79000,7288,0.0112928,0,6,6
79000,7289,0.0112928,0,6,6
79000,7290,0.010287,0,6,6
79000,7291,0.010287,0,6,6
79000,7292,0.010287,0,6,6
79000,7293,0.010287,0,6,6
79000,7294,0.010287,0,6,6
79000,7295,0.010287,0,6,6
79000,7296,0.010287,0,6,6
79000,7297,0.010287,0,6,6
79000,7298,0.010287,0,6,6
79000,7299,0.010287,0,6,6
79000,7300,0.00928147,0,5,5
79000,7301,0.00928147,0,5,5
79000,7302,0.00928147,0,5,5
79000,7303,0.00928147,0,5,5
79000,7304,0.00928147,0,5,5
79000,7305,0.00928147,0,5,5
79000,7306,0.00928147,0,5,5
79000,7307,0.00928147,0,5,5
79000,7308,0.00928147,0,5,5
79000,7309,0.00928147,0,5,5
79000,7310,0.00827597,0,5,5
79000,7311,0.00827597,0,5,5
79000,7312,0.00827597,0,5,5
79000,7313,0.00827597,0,5,5
79000,7314,0.00827597,0,5,5
79000,7315,0.00827597,0,5,5
79000,7316,0.00827597,0,5,5
79000,7317,0.00827597,0,5,5
79000,7318,0.00827597,0,5,5
79000,7319,0.00827597,0,5,5
79000,7320,0.00727046,0,5,5
79000,7321,0.00727046,0,5,5
79000,7322,0.00727046,0,5,5
79000,7323,0.00727046,0,5,5
79000,7324,0.00727046,0,5,5
79000,7325,0.00727046,0,5,5
79000,7326,0.00727046,0,5,5
79000,7327,0.00727046,0,5,5
79000,7328,0.00727046,0,5,5
79000,7329,0.00727046,0,5,5
79000,7330,0.00626494,0,5,5
79000,7331,0.00626494,0,5,5
79000,7332,0.00626494,0,5,5
79000,7333,0.00626494,0,5,5
79000,7334,0.00626494,0,5,5
79000,7335,0.00626494,0,5,5
79000,7336,0.00626494,0,5,5
79000,7337,0.00626494,0,5,5
79000,7338,0.00626494,0,5,5
79000,7339,0.00626494,0,5,5
79000,7340,0.00525941,0,5,5
79000,7341,0.00525941,0,5,5
79000,7342,0.00525941,0,5,5
79000,7343,0.00525941,0,5,5
79000,7344,0.00525941,0,5,5
79000,7345,0.00525941,0,5,5
79000,7346,0.00525941,0,5,5
79000,7347,0.00525941,0,5,5
79000,7348,0.00525941,0,5,5
79000,7349,0.00525941,0,5,5
79000,7350,0.00425388,0,5,5
79000,7351,0.00425388,0,5,5
79000,7352,0.00425388,0,5,5
79000,7353,0.00425388,0,5,5
79000,7354,0.00425388,0,5,5
79000,7355,0.00425388,0,5,5
79000,7356,0.00425388,0,5,5
79000,7357,0.00425388,0,5,5
79000,7358,0.00425388,0,5,5
79000,7359,0.00425388,0,5,5
79000,7360,0.00324834,0,5,5
79000,7361,0.00324834,0,5,5
79000,7362,0.00324834,0,5,5
79000,7363,0.00324834,0,5,5
79000,7364,0.00324834,0,5,5
79000,7365,0.00324834,0,5,5
79000,7366,0.00324834,0,5,5
79000,7367,0.00324834,0,5,5
79000,7368,0.00324834,0,5,5
79000,7369,0.00324834,0,5,5
79000,7370,0.00224279,0,5,5
79000,7371,0.00224279,0,5,5
79000,7372,0.00224279,0,5,5
79000,7373,0.00224279,0,5,5
79000,7374,0.00224279,0,5,5
79000,7375,0.00224279,0,5,5
79000,7376,0.00224279,0,5,5
79000,7377,0.00224279,0,5,5
79000,7378,0.00224279,0,5,5
79000,7379,0.00224279,0,5,5
79000,7380,0.00123723,0,5,5
79000,7381,0.00123723,0,5,5
79000,7382,0.00123723,0,5,5
79000,7383,0.00123723,0,5,5
79000,7384,0.00123723,0,5,5
79000,7385,0.00123723,0,5,5
79000,7386,0.00123723,0,5,5
79000,7387,0.00123723,0,5,5
79000,7388,0.00123723,0,5,5
79000,7389,0.00123723,0,5,5
79000,7390,0.000231664,0,5,5
79000,7391,0.000231664,0,5,5
79000,7392,0.000231664,0,5,5
79000,7393,0.000231664,0,5,5
79000,7394,0.000231664,0,5,5
79000,7395,0.000231664,0,5,5
79000,7396,0.000231664,0,5,5
79000,7397,0.000231664,0,5,5
79000,7398,0.000231664,0,5,5
79000,7399,0.000231664,0,5,5
79000,7400,-0.000773667,0,4,4
79000,7401,-0.000773667,0,4,4
79000,7402,-0.000773667,0,4,4
79000,7403,-0.000773667,0,4,4
79000,7404,-0.000773667,0,4,4
79000,7405,-0.000773667,0,4,4
79000,7406,-0.000773667,0,4,4
79000,7407,-0.000773667,0,4,4
79000,7408,-0.000773667,0,4,4
79000,7409,-0.000773667,0,4,4
79000,7410,-0.00177893,0,4,4
79000,7411,-0.00177893,0,4,4
79000,7412,-0.00177893,0,4,4
79000,7413,-0.00177893,0,4,4
79000,7414,-0.00177893,0,4,4
79000,7415,-0.00177893,0,4,4
79000,7416,-0.00177893,0,4,4
79000,7417,-0.00177893,0,4,4
79000,7418,-0.00177893,0,4,4
79000,7419,-0.00177893,0,4,4
79000,7420,-0.00278421,0,4,4
79000,7421,-0.00278421,0,4,4
79000,7422,-0.00278421,0,4,4
79000,7423,-0.00278421,0,4,4
79000,7424,-0.00278421,0,4,4
79000,7425,-0.00278421,0,4,4
79000,7426,-0.00278421,0,4,4
79000,7427,-0.00278421,0,4,4
79000,7428,-0.00278421,0,4,4
79000,7429,-0.00278421,0,4,4
79000,7430,-0.00378949,0,4,4
79000,7431,-0.00378949,0,4,4
79000,7432,-0.00378949,0,4,4
79000,7433,-0.00378949,0,4,4
79000,7434,-0.00378949,0,4,4
79000,7435,-0.00378949,0,4,4
79000,7436,-0.00378949,0,4,4
79000,7437,-0.00378949,0,4,4
79000,7438,-0.00378949,0,4,4
79000,7439,-0.00378949,0,4,4
79000,7440,-0.00479478,0,4,4
79000,7441,-0.00479478,0,4,4
79000,7442,-0.00479478,0,4,4
79000,7443,-0.00479478,0,4,4
79000,7444,-0.00479478,0,4,4
79000,7445,-0.00479478,0,4,4
79000,7446,-0.00479478,0,4,4
79000,7447,-0.00479478,0,4,4
79000,7448,-0.00479478,0,4,4
79000,7449,-0.00479478,0,4,4
79000,7450,-0.00580007,0,4,4
79000,7451,-0.00580007,0,4,4
79000,7452,-0.00580007,0,4,4
79000,7453,-0.00580007,0,4,4
79000,7454,-0.00580007,0,4,4
79000,7455,-0.00580007,0,4,4
79000,7456,-0.00580007,0,4,4
79000,7457,-0.00580007,0,4,4
79000,7458,-0.00580007,0,4,4
79000,7459,-0.00580007,0,4,4
79000,7460,-0.00680538,0,4,4
79000,7461,-0.00680538,0,4,4
79000,7462,-0.00680538,0,4,4
79000,7463,-0.00680538,0,4,4
79000,7464,-0.00680538,0,4,4
79000,7465,-0.00680538,0,4,4
79000,7466,-0.00680538,0,4,4
79000,7467,-0.00680538,0,4,4
79000,7468,-0.00680538,0,4,4
79000,7469,-0.00680538,0,4,4
79000,7470,-0.00781069,0,4,4
79000,7471,-0.00781069,0,4,4
79000,7472,-0.00781069,0,4,4
79000,7473,-0.00781069,0,4,4
79000,7474,-0.00781069,0,4,4
79000,7475,-0.00781069,0,4,4
79000,7476,-0.00781069,0,4,4
79000,7477,-0.00781069,0,4,4
79000,7478,-0.00781069,0,4,4
79000,7479,-0.00781069,0,4,4
79000,7480,-0.00881601,0,4,4
79000,7481,-0.00881601,0,4,4
79000,7482,-0.00881601,0,4,4
79000,7483,-0.00881601,0,4,4
79000,7484,-0.00881601,0,4,4
79000,7485,-0.00881601,0,4,4
79000,7486,-0.00881601,0,4,4
79000,7487,-0.00881601,0,4,4
79000,7488,-0.00881601,0,4,4
79000,7489,-0.00881601,0,4,4
79000,7490,-0.00982133,0,4,4
79000,7491,-0.00982133,0,4,4
79000,7492,-0.00982133,0,4,4
79000,7493,-0.00982133,0,4,4
79000,7494,-0.00982133,0,4,4
79000,7495,-0.00982133,0,4,4
79000,7496,-0.00982133,0,4,4
79000,7497,-0.00982133,0,4,4
79000,7498,-0.00982133,0,4,4
79000,7499,-0.00982133,0,4,4
79000,7500,-0.0108264,0,3,3
79000,7501,-0.0108264,0,3,3
79000,7502,-0.0108264,0,3,3
79000,7503,-0.0108264,0,3,3
79000,7504,-0.0108264,0,3,3
79000,7505,-0.0108264,0,3,3
79000,7506,-0.0108264,0,3,3
79000,7507,-0.0108264,0,3,3
79000,7508,-0.0108264,0,3,3
79000,7509,-0.0108264,0,3,3
79000,7510,-0.0118314,0,3,3
79000,7511,-0.0118314,0,3,3
79000,7512,-0.0118314,0,3,3
79000,7513,-0.0118314,0,3,3
79000,7514,-0.0118314,0,3,3
79000,7515,-0.0118314,0,3,3
79000,7516,-0.0118314,0,3,3
79000,7517,-0.0118314,0,3,3
79000,7518,-0.0118314,0,3,3
79000,7519,-0.0118314,0,3,3
79000,7520,-0.0128364,0,3,3
79000,7521,-0.0128364,0,3,3
79000,7522,-0.0128364,0,3,3
79000,7523,-0.0128364,0,3,3
79000,7524,-0.0128364,0,3,3
79000,7525,-0.0128364,0,3,3
79000,7526,-0.0128364,0,3,3
79000,7527,-0.0128364,0,3,3
79000,7528,-0.0128364,0,3,3
79000,7529,-0.0128364,0,3,3
79000,7530,-0.0138414,0,3,3
79000,7531,-0.0138414,0,3,3
79000,7532,-0.0138414,0,3,3
79000,7533,-0.0138414,0,3,3
79000,7534,-0.0138414,0,3,3
79000,7535,-0.0138414,0,3,3
79000,7536,-0.0138414,0,3,3
79000,7537,-0.0138414,0,3,3
79000,7538,-0.0138414,0,3,3
79000,7539,-0.0138414,0,3,3
79000,7540,-0.0148464,0,3,3
79000,7541,-0.0148464,0,3,3
79000,7542,-0.0148464,0,3,3
79000,7543,-0.0148464,0,3,3
79000,7544,-0.0148464,0,3,3
79000,7545,-0.0148464,0,3,3
79000,7546,-0.0148464,0,3,3
79000,7547,-0.0148464,0,3,3
79000,7548,-0.0148464,0,3,3
79000,7549,-0.0148464,0,3,3
79000,7550,-0.0158514,0,3,3
79000,7551,-0.0158514,0,3,3
79000,7552,-0.0158514,0,3,3
79000,7553,-0.0158514,0,3,3
79000,7554,-0.0158514,0,3,3
79000,7555,-0.0158514,0,3,3
79000,7556,-0.0158514,0,3,3
79000,7557,-0.0158514,0,3,3
79000,7558,-0.0158514,0,3,3
79000,7559,-0.0158514,0,3,3
79000,7560,-0.0168564,0,3,3
79000,7561,-0.0168564,0,3,3
79000,7562,-0.0168564,0,3,3
79000,7563,-0.0168564,0,3,3
79000,7564,-0.0168564,0,3,3
79000,7565,-0.0168564,0,3,3
79000,7566,-0.0168564,0,3,3
79000,7567,-0.0168564,0,3,3
79000,7568,-0.0168564,0,3,3
79000,7569,-0.0168564,0,3,3
79000,7570,-0.0178614,0,3,3
79000,7571,-0.0178614,0,3,3
79000,7572,-0.0178614,0,3,3
79000,7573,-0.0178614,0,3,3
79000,7574,-0.0178614,0,3,3
79000,7575,-0.0178614,0,3,3
79000,7576,-0.0178614,0,3,3
79000,7577,-0.0178614,0,3,3
79000,7578,-0.0178614,0,3,3
79000,7579,-0.0178614,0,3,3
79000,7580,-0.0188665,0,3,3
79000,7581,-0.0188665,0,3,3
79000,7582,-0.0188665,0,3,3
79000,7583,-0.0188665,0,3,3
79000,7584,-0.0188665,0,3,3
79000,7585,-0.0188665,0,3,3
79000,7586,-0.0188665,0,3,3
79000,7587,-0.0188665,0,3,3
79000,7588,-0.0188665,0,3,3
79000,7589,-0.0188665,0,3,3
79000,7590,-0.0198715,0,3,3
79000,7591,-0.0198715,0,3,3
79000,7592,-0.0198715,0,3,3
79000,7593,-0.0198715,0,3,3
79000,7594,-0.0198715,0,3,3
79000,7595,-0.0198715,0,3,3
79000,7596,-0.0198715,0,3,3
79000,7597,-0.0198715,0,3,3
79000,7598,-0.0198715,0,3,3
79000,7599,-0.0198715,0,3,3
79000,7600,-0.0208762,0,2,2
79000,7601,-0.0208762,0,2,2
79000,7602,-0.0208762,0,2,2
79000,7603,-0.0208762,0,2,2
79000,7604,-0.0208762,0,2,2
79000,7605,-0.0208762,0,2,2
79000,7606,-0.0208762,0,2,2
79000,7607,-0.0208762,0,2,2
79000,7608,-0.0208762,0,2,2
79000,7609,-0.0208762,0,2,2
79000,7610,-0.0218809,0,2,2
79000,7611,-0.0218809,0,2,2
79000,7612,-0.0218809,0,2,2
79000,7613,-0.0218809,0,2,2
79000,7614,-0.0218809,0,2,2
79000,7615,-0.0218809,0,2,2
79000,7616,-0.0218809,0,2,2
79000,7617,-0.0218809,0,2,2
79000,7618,-0.0218809,0,2,2
79000,7619,-0.0218809,0,2,2
79000,7620,-0.0228855,0,2,2
79000,7621,-0.0228855,0,2,2
79000,7622,-0.0228855,0,2,2
79000,7623,-0.0228855,0,2,2
79000,7624,-0.0228855,0,2,2
79000,7625,-0.0228855,0,2,2
79000,7626,-0.0228855,0,2,2
79000,7627,-0.0228855,0,2,2
79000,7628,-0.0228855,0,2,2
79000,7629,-0.0228855,0,2,2
79000,7630,-0.0238902,0,2,2
79000,7631,-0.0238902,0,2,2
79000,7632,-0.0238902,0,2,2
79000,7633,-0.0238902,0,2,2
79000,7634,-0.0238902,0,2,2
79000,7635,-0.0238902,0,2,2
79000,7636,-0.0238902,0,2,2
79000,7637,-0.0238902,0,2,2
79000,7638,-0.0238902,0,2,2
79000,7639,-0.0238902,0,2,2
79000,7640,-0.0248949,0,2,2
79000,7641,-0.0248949,0,2,2
79000,7642,-0.0248949,0,2,2
79000,7643,-0.0248949,0,2,2
79000,7644,-0.0248949,0,2,2
79000,7645,-0.0248949,0,2,2
79000,7646,-0.0248949,0,2,2
79000,7647,-0.0248949,0,2,2
79000,7648,-0.0248949,0,2,2
79000,7649,-0.0248949,0,2,2
79000,7650,-0.0258996,0,2,2
79000,7651,-0.0258996,0,2,2
79000,7652,-0.0258996,0,2,2
79000,7653,-0.0258996,0,2,2
79000,7654,-0.0258996,0,2,2
79000,7655,-0.0258996,0,2,2
79000,7656,-0.0258996,0,2,2
79000,7657,-0.0258996,0,2,2
79000,7658,-0.0258996,0,2,2
79000,7659,-0.0258996,0,2,2
79000,7660,-0.0269043,0,2,2
79000,7661,-0.0269043,0,2,2
79000,7662,-0.0269043,0,2,2
79000,7663,-0.0269043,0,2,2
79000,7664,-0.0269043,0,2,2
79000,7665,-0.0269043,0,2,2
79000,7666,-0.0269043,0,2,2
79000,7667,-0.0269043,0,2,2
79000,7668,-0.0269043,0,2,2
79000,7669,-0.0269043,0,2,2
79000,7670,-0.027909,0,2,2
79000,7671,-0.027909,0,2,2
79000,7672,-0.027909,0,2,2
79000,7673,-0.027909,0,2,2
79000,7674,-0.027909,0,2,2
79000,7675,-0.027909,0,2,2
79000,7676,-0.027909,0,2,2
79000,7677,-0.027909,0,2,2
79000,7678,-0.027909,0,2,2
79000,7679,-0.027909,0,2,2
79000,7680,-0.0289137,0,2,2
79000,7681,-0.0289137,0,2,2
79000,7682,-0.0289137,0,2,2
79000,7683,-0.0289137,0,2,2
79000,7684,-0.0289137,0,2,2
79000,7685,-0.0289137,0,2,2
79000,7686,-0.0289137,0,2,2
79000,7687,-0.0289137,0,2,2
79000,7688,-0.0289137,0,2,2
79000,7689,-0.0289137,0,2,2
79000,7690,-0.0299184,0,2,2
79000,7691,-0.0299184,0,2,2
79000,7692,-0.0299184,0,2,2
79000,7693,-0.0299184,0,2,2
79000,7694,-0.0299184,0,2,2
79000,7695,-0.0299184,0,2,2
79000,7696,-0.0299184,0,2,2
79000,7697,-0.0299184,0,2,2
79000,7698,-0.0299184,0,2,2
79000,7699,-0.0299184,0,2,2
79000,7700,-0.0309227,0,1,1
79000,7701,-0.0309227,0,1,1
79000,7702,-0.0309227,0,1,1
79000,7703,-0.0309227,0,1,1
79000,7704,-0.0309227,0,1,1
79000,7705,-0.0309227,0,1,1
79000,7706,-0.0309227,0,1,1
79000,7707,-0.0309227,0,1,1
79000,7708,-0.0309227,0,1,1
79000,7709,-0.0309227,0,1,1
79000,7710,-0.031927,0,1,1
79000,7711,-0.031927,0,1,1
79000,7712,-0.031927,0,1,1
79000,7713,-0.031927,0,1,1
79000,7714,-0.031927,0,1,1
79000,7715,-0.031927,0,1,1
79000,7716,-0.031927,0,1,1
79000,7717,-0.031927,0,1,1
79000,7718,-0.031927,0,1,1
79000,7719,-0.031927,0,1,1
79000,7720,-0.0329313,0,1,1
79000,7721,-0.0329313,0,1,1
79000,7722,-0.0329313,0,1,1
79000,7723,-0.0329313,0,1,1
79000,7724,-0.0329313,0,1,1
79000,7725,-0.0329313,0,1,1
79000,7726,-0.0329313,0,1,1
79000,7727,-0.0329313,0,1,1
79000,7728,-0.0329313,0,1,1
79000,7729,-0.0329313,0,1,1
79000,7730,-0.0339356,0,1,1
79000,7731,-0.0339356,0,1,1
79000,7732,-0.0339356,0,1,1
79000,7733,-0.0339356,0,1,1
79000,7734,-0.0339356,0,1,1
79000,7735,-0.0339356,0,1,1
79000,7736,-0.0339356,0,1,1
79000,7737,-0.0339356,0,1,1
79000,7738,-0.0339356,0,1,1
79000,7739,-0.0339356,0,1,1
79000,7740,-0.0349399,0,1,1
79000,7741,-0.0349399,0,1,1
79000,7742,-0.0349399,0,1,1
79000,7743,-0.0349399,0,1,1
79000,7744,-0.0349399,0,1,1
79000,7745,-0.0349399,0,1,1
79000,7746,-0.0349399,0,1,1
79000,7747,-0.0349399,0,1,1
79000,7748,-0.0349399,0,1,1
79000,7749,-0.0349399,0,1,1
79000,7750,-0.0359442,0,1,1
79000,7751,-0.0359442,0,1,1
79000,7752,-0.0359442,0,1,1
79000,7753,-0.0359442,0,1,1
79000,7754,-0.0359442,0,1,1
79000,7755,-0.0359442,0,1,1
79000,7756,-0.0359442,0,1,1
79000,7757,-0.0359442,0,1,1
79000,7758,-0.0359442,0,1,1
79000,7759,-0.0359442,0,1,1
79000,7760,-0.0369485,0,1,1
79000,7761,-0.0369485,0,1,1
79000,7762,-0.0369485,0,1,1
79000,7763,-0.0369485,0,1,1
79000,7764,-0.0369485,0,1,1
79000,7765,-0.0369485,0,1,1
79000,7766,-0.0369485,0,1,1
79000,7767,-0.0369485,0,1,1
79000,7768,-0.0369485,0,1,1
79000,7769,-0.0369485,0,1,1
79000,7770,-0.0379528,0,1,1
79000,7771,-0.0379528,0,1,1
79000,7772,-0.0379528,0,1,1
79000,7773,-0.0379528,0,1,1
79000,7774,-0.0379528,0,1,1
79000,7775,-0.0379528,0,1,1
79000,7776,-0.0379528,0,1,1
79000,7777,-0.0379528,0,1,1
79000,7778,-0.0379528,0,1,1
79000,7779,-0.0379528,0,1,1
79000,7780,-0.0389571,0,1,1
79000,7781,-0.0389571,0,1,1
79000,7782,-0.0389571,0,1,1
79000,7783,-0.0389571,0,1,1
79000,7784,-0.0389571,0,1,1
79000,7785,-0.0389571,0,1,1
79000,7786,-0.0389571,0,1,1
79000,7787,-0.0389571,0,1,1
79000,7788,-0.0389571,0,1,1
79000,7789,-0.0389571,0,1,1
79000,7790,-0.0399614,0,1,1
79000,7791,-0.0399614,0,1,1
79000,7792,-0.0399614,0,1,1
79000,7793,-0.0399614,0,1,1
79000,7794,-0.0399614,0,1,1
79000,7795,-0.0399614,0,1,1
79000,7796,-0.0399614,0,1,1
79000,7797,-0.0399614,0,1,1
79000,7798,-0.0399614,0,1,1
79000,7799,-0.0399614,0,1,1
79000,7800,-0.0409653,0,0,0
79000,7801,-0.0409653,0,0,0
79000,7802,-0.0409653,0,0,0
79000,7803,-0.0409653,0,0,0
79000,7804,-0.0409653,0,0,0
79000,7805,-0.0409653,0,0,0
79000,7806,-0.0409653,0,0,0
79000,7807,-0.0409653,0,0,0
79000,7808,-0.0409653,0,0,0
79000,7809,-0.0409653,0,0,0
79000,7810,-0.0419691,0,0,0
79000,7811,-0.0419691,0,0,0
79000,7812,-0.0419691,0,0,0
79000,7813,-0.0419691,0,0,0
79000,7814,-0.0419691,0,0,0
79000,7815,-0.0419691,0,0,0
79000,7816,-0.0419691,0,0,0
79000,7817,-0.0419691,0,0,0
79000,7818,-0.0419691,0,0,0
79000,7819,-0.0419691,0,0,0
79000,7820,-0.042973,0,0,0
79000,7821,-0.042973,0,0,0
79000,7822,-0.042973,0,0,0
79000,7823,-0.042973,0,0,0
79000,7824,-0.042973,0,0,0
79000,7825,-0.042973,0,0,0
79000,7826,-0.042973,0,0,0
79000,7827,-0.042973,0,0,0
79000,7828,-0.042973,0,0,0
79000,7829,-0.042973,0,0,0
79000,7830,-0.0439768,0,0,0
79000,7831,-0.0439768,0,0,0
79000,7832,-0.0439768,0,0,0
79000,7833,-0.0439768,0,0,0
79000,7834,-0.0439768,0,0,0
79000,7835,-0.0439768,0,0,0
79000,7836,-0.0439768,0,0,0
79000,7837,-0.0439768,0,0,0
79000,7838,-0.0439768,0,0,0
79000,7839,-0.0439768,0,0,0
79000,7840,-0.0449807,0,0,0
79000,7841,-0.0449807,0,0,0
79000,7842,-0.0449807,0,0,0
79000,7843,-0.0449807,0,0,0
79000,7844,-0.0449807,0,0,0
79000,7845,-0.0449807,0,0,0
79000,7846,-0.0449807,0,0,0
79000,7847,-0.0449807,0,0,0
79000,7848,-0.0449807,0,0,0
79000,7849,-0.0449807,0,0,0
79000,7850,-0.0459845,0,0,0
79000,7851,-0.0459845,0,0,0
79000,7852,-0.0459845,0,0,0
79000,7853,-0.0459845,0,0,0
79000,7854,-0.0459845,0,0,0
79000,7855,-0.0459845,0,0,0
79000,7856,-0.0459845,0,0,0
79000,7857,-0.0459845,0,0,0
79000,7858,-0.0459845,0,0,0
79000,7859,-0.0459845,0,0,0
79000,7860,-0.0469884,0,0,0
79000,7861,-0.0469884,0,0,0
79000,7862,-0.0469884,0,0,0
79000,7863,-0.0469884,0,0,0
79000,7864,-0.0469884,0,0,0
79000,7865,-0.0469884,0,0,0
79000,7866,-0.0469884,0,0,0
79000,7867,-0.0469884,0,0,0
79000,7868,-0.0469884,0,0,0
79000,7869,-0.0469884,0,0,0
79000,7870,-0.0479922,0,0,0
79000,7871,-0.0479922,0,0,0
79000,7872,-0.0479922,0,0,0
79000,7873,-0.0479922,0,0,0
79000,7874,-0.0479922,0,0,0
79000,7875,-0.0479922,0,0,0
79000,7876,-0.0479922,0,0,0
79000,7877,-0.0479922,0,0,0
79000,7878,-0.0479922,0,0,0
79000,7879,-0.0479922,0,0,0
79000,7880,-0.0489961,0,0,0
79000,7881,-0.0489961,0,0,0
79000,7882,-0.0489961,0,0,0
79000,7883,-0.0489961,0,0,0
79000,7884,-0.0489961,0,0,0
79000,7885,-0.0489961,0,0,0
79000,7886,-0.0489961,0,0,0
79000,7887,-0.0489961,0,0,0
79000,7888,-0.0489961,0,0,0
79000,7889,-0.0489961,0,0,0
